%YAML:1.0
image_width: 640
image_height: 360
camera_name: ardrone_bottom
camera_matrix: !!opencv-matrix
  rows: 3
  cols: 3
  dt: d
  data: [677.243163802287, 0, 334.6627936267, 0, 677.833904204497, 179.846990427208, 0, 0, 1]
distortion_model: plumb_bob
distortion_coefficients: !!opencv-matrix
  rows: 1
  cols: 5
  dt: d
  data: [-0.0379247205948638, 0.113920898441177, 0.00325889271051863, -0.000948831319754145, 0]
rectification_matrix: !!opencv-matrix
  rows: 3
  cols: 3
  dt: d
  data: [1, 0, 0, 0, 1, 0, 0, 0, 1]
projection_matrix: !!opencv-matrix
  rows: 3
  cols: 4
  dt: d
  data: [676.584777832031, 0, 333.489513457234, 0, 0, 676.30615234375, 180.289140167224, 0, 0, 0, 1, 0]